1.000000000000000048e-04 2.436471617904477416e+00
1.018620650549864848e-04 2.436473713251500861e+00
1.037588029726630026e-04 2.436475847615249268e+00
1.056908593842892353e-04 2.436478021722239262e+00
1.076588919431989920e-04 2.436480236312515313e+00
1.096635705486589604e-04 2.436482492139903311e+00
1.117055775738960065e-04 2.436484789972265030e+00
1.137856080983703464e-04 2.436487130591759698e+00
1.159043701443740883e-04 2.436489514795112221e+00
1.180625849180346707e-04 2.436491943393882309e+00
1.202609870548071420e-04 2.436494417214741581e+00
1.225003248695365416e-04 2.436496937099754234e+00
1.247813606111770922e-04 2.436499503906665254e+00
1.271048707222545058e-04 2.436502118509190851e+00
1.294716461031593445e-04 2.436504781797316443e+00
1.318824923813620507e-04 2.436507494677599528e+00
1.343382301856406360e-04 2.436510258073478319e+00
1.368396954254147457e-04 2.436513072925586165e+00
1.393877395752813459e-04 2.436515940192071294e+00
1.419832299648482292e-04 2.436518860848923662e+00
1.446270500739647868e-04 2.436521835890307131e+00
1.473200998334498759e-04 2.436524866328896088e+00
1.500632959314197531e-04 2.436527953196223173e+00
1.528575721253196986e-04 2.436531097543027879e+00
1.557038795597662033e-04 2.436534300439615830e+00
1.586031870903068419e-04 2.436537562976222038e+00
1.615564816132102868e-04 2.436540886263381722e+00
1.645647684013955639e-04 2.436544271432310893e+00
1.676290714466173979e-04 2.436547719635287379e+00
1.707504338080231983e-04 2.436551232046046955e+00
1.739299179672002134e-04 2.436554809860179471e+00
1.771686061898341234e-04 2.436558454295538745e+00
1.804676008941016668e-04 2.436562166592655121e+00
1.838280250259232036e-04 2.436565948015159133e+00
1.872510224412027454e-04 2.436569799850210050e+00
1.907377582951852836e-04 2.436573723408935521e+00
1.942894194390645314e-04 2.436577720026877003e+00
1.979072148239756801e-04 2.436581791064444058e+00
2.015923759125097558e-04 2.436585937907379762e+00
2.053461570978938253e-04 2.436590161967228330e+00
2.091698361309713610e-04 2.436594464681819172e+00
2.130647145551386697e-04 2.436598847515754507e+00
2.170321181493766263e-04 2.436603311960909402e+00
2.210733973795331580e-04 2.436607859536937593e+00
2.251899278580088654e-04 2.436612491791789292e+00
2.293831108120021210e-04 2.436617210302240100e+00
2.336543735604733492e-04 2.436622016674425240e+00
2.380051699999905207e-04 2.436626912544387125e+00
2.424369810996215282e-04 2.436631899578633131e+00
2.469513154050417933e-04 2.436636979474700482e+00
2.515497095520285152e-04 2.436642153961737556e+00
2.562337287895168785e-04 2.436647424801089645e+00
2.610049675123955683e-04 2.436652793786899363e+00
2.658650498042224356e-04 2.436658262746717707e+00
2.708156299900495905e-04 2.436663833542125346e+00
2.758583931995357841e-04 2.436669508069368106e+00
2.809950559405515911e-04 2.436675288259999128e+00
2.862273666834603517e-04 2.436681176081540556e+00
2.915571064562810875e-04 2.436687173538149231e+00
2.969860894509332655e-04 2.436693282671301475e+00
3.025161636407700037e-04 2.436699505560487200e+00
3.081492114096105414e-04 2.436705844323917791e+00
3.138871501924852918e-04 2.436712301119247748e+00
3.197319331283125397e-04 2.436718878144306544e+00
3.256855497247276355e-04 2.436725577637850915e+00
3.317500265352924232e-04 2.436732401880323362e+00
3.379274278493144814e-04 2.436739353194630198e+00
3.442198563945116129e-04 2.436746433946931578e+00
3.506294540527581539e-04 2.436753646547447527e+00
3.571584025891648027e-04 2.436760993451276835e+00
3.638089243947256117e-04 2.436768477159235058e+00
3.705832832428020010e-04 2.436776100218704055e+00
3.774837850596878485e-04 2.436783865224499301e+00
3.845127787095245909e-04 2.436791774819754508e+00
3.916726567938321846e-04 2.436799831696818686e+00
3.989658564659272991e-04 2.436808038598174964e+00
4.063948602605068987e-04 2.436816398317373622e+00
4.139621969386789386e-04 2.436824913699981998e+00
4.216704423487284133e-04 2.436833587644554822e+00
4.295222203029110575e-04 2.436842423103617872e+00
4.375202034705736676e-04 2.436851423084676949e+00
4.456671142879050002e-04 2.436860590651237946e+00
4.539657258846272218e-04 2.436869928923852235e+00
4.624188630279401583e-04 2.436879441081178044e+00
4.710294030840497326e-04 2.436889130361060918e+00
4.798002769975892611e-04 2.436899000061639065e+00
4.887344702892897162e-04 2.436909053542462456e+00
4.978350240722199862e-04 2.436919294225639021e+00
5.071050360869523189e-04 2.436929725596998164e+00
5.165476617560040657e-04 2.436940351207278699e+00
5.261661152579124841e-04 2.436951174673334553e+00
5.359636706213099806e-04 2.436962199679370222e+00
5.459436628393722710e-04 2.436973429978189998e+00
5.561094890050175205e-04 2.436984869392480046e+00
5.664646094672438469e-04 2.436996521816106043e+00
5.770125490089990806e-04 2.437008391215440106e+00
5.877568980469824152e-04 2.437020481630711721e+00
5.987013138537885387e-04 2.437032797177380861e+00
6.098495218028042886e-04 2.437045342047541308e+00
6.212053166362971508e-04 2.437058120511344850e+00
6.327725637570997923e-04 2.437071136918457448e+00
6.445552005443627979e-04 2.437084395699538497e+00
6.565572376937974745e-04 2.437097901367748509e+00
6.687827605828782895e-04 2.437111658520286994e+00
6.812359306614659479e-04 2.437125671839955210e+00
6.939209868683251202e-04 2.437139946096752219e+00
7.068422470740175559e-04 2.437154486149496702e+00
7.200041095506641130e-04 2.437169296947482522e+00
7.334110544690736764e-04 2.437184383532161824e+00
7.470676454237502742e-04 2.437199751038862772e+00
7.609785309862962099e-04 2.437215404698535259e+00
7.751484462877415976e-04 2.437231349839534822e+00
7.895822146303372018e-04 2.437247591889432741e+00
8.042847491293562577e-04 2.437264136376866119e+00
8.192610543854806585e-04 2.437280988933418158e+00
8.345162281883064569e-04 2.437298155295537061e+00
8.500554632515922027e-04 2.437315641306486036e+00
8.658840489808037125e-04 2.437333452918334142e+00
8.820073732735772771e-04 2.437351596193982672e+00
8.984309243537087850e-04 2.437370077309226613e+00
9.151602926392913119e-04 2.437388902554859182e+00
9.322011726456396613e-04 2.437408078338812345e+00
9.495593649236483674e-04 2.437427611188337284e+00
9.672407780342433302e-04 2.437447507752227960e+00
9.852514305595983131e-04 2.437467774803081522e+00
1.003597453151804228e-03 2.437488419239606685e+00
1.022285090619677291e-03 2.437509448088970743e+00
1.041320704054444178e-03 2.437530868509189652e+00
1.060710772994980173e-03 2.437552687791568307e+00
1.080461897633397958e-03 2.437574913363179441e+00
1.100580801061672165e-03 2.437597552789392719e+00
1.121074331560133197e-03 2.437620613776450451e+00
1.141949464928537685e-03 2.437644104174089499e+00
1.163213306860577277e-03 2.437668031978213801e+00
1.184873095362580812e-03 2.437692405333617529e+00
1.206936203217264230e-03 2.437717232536754874e+00
1.229410140493353504e-03 2.437742522038565784e+00
1.252302557101940593e-03 2.437768282447352775e+00
1.275621245400438038e-03 2.437794522531709696e+00
1.299374142845022978e-03 2.437821251223507790e+00
1.323569334692471788e-03 2.437848477620935483e+00
1.348215056752296052e-03 2.437876210991595460e+00
1.373319698190148290e-03 2.437904460775659032e+00
1.398891804383391472e-03 2.437933236589079566e+00
1.424940079829885948e-03 2.437962548226866311e+00
1.451473391110893454e-03 2.437992405666417728e+00
1.478500769909198240e-03 2.438022819070916558e+00
1.506031416083383583e-03 2.438053798792793270e+00
1.534074700799390595e-03 2.438085355377244579e+00
1.562640169720364404e-03 2.438117499565827906e+00
1.591737546255908966e-03 2.438150242300114012e+00
1.621376734871839706e-03 2.438183594725413350e+00
1.651567824461569163e-03 2.438217568194569029e+00
1.682321091780268575e-03 2.438252174271821726e+00
1.713647004942976150e-03 2.438287424736746090e+00
1.745556226987843773e-03 2.438323331588259535e+00
1.778059619505723216e-03 2.438359907048707420e+00
1.811168246337366674e-03 2.438397163568022830e+00
1.844893377339424691e-03 2.438435113827964962e+00
1.879246492220624067e-03 2.438473770746436120e+00
1.914239284449321607e-03 2.438513147481877308e+00
1.949883665233877877e-03 2.438553257437748645e+00
1.986191767577087826e-03 2.438594114267091939e+00
2.023175950406159041e-03 2.438635731877177193e+00
2.060848802779562984e-03 2.438678124434236594e+00
2.099223148172228715e-03 2.438721306368286879e+00
2.138312048840530864e-03 2.438765292378041405e+00
2.178128810268555905e-03 2.438810097435912372e+00
2.218686985697159841e-03 2.438855736793108520e+00
2.260000380737359899e-03 2.438902225984826977e+00
2.302083058069634078e-03 2.438949580835538367e+00
2.344949342230710602e-03 2.438997817464376716e+00
2.388613824489526499e-03 2.439046952290624404e+00
2.433091367813920020e-03 2.439097002039301465e+00
2.478397111929878365e-03 2.439147983746858817e+00
2.524546478474916280e-03 2.439199914766977173e+00
2.571555176247492403e-03 2.439252812776473878e+00
2.619439206554093156e-03 2.439306695781319867e+00
2.668214868655952206e-03 2.439361582122769878e+00
2.717898765317148472e-03 2.439417490483603679e+00
2.768507808456028164e-03 2.439474439894487645e+00
2.820059224901860350e-03 2.439532449740450915e+00
2.872570562258680658e-03 2.439591539767484107e+00
2.926059694878328440e-03 2.439651730089261505e+00
2.980544829944701841e-03 2.439713041193987575e+00
3.036044513671311978e-03 2.439775493951369167e+00
3.092577637614216633e-03 2.439839109619722279e+00
3.150163445102560807e-03 2.439903909853204933e+00
3.208821537788771137e-03 2.439969916709190834e+00
3.268571882320818901e-03 2.440037152655775810e+00
3.329434817138625900e-03 2.440105640579426804e+00
3.391431059397120775e-03 2.440175403792771203e+00
3.454581712018112843e-03 2.440246466042532258e+00
3.518908270873556069e-03 2.440318851517613297e+00
3.584432632102521610e-03 2.440392584857330682e+00
3.651177099564435063e-03 2.440467691159800889e+00
3.719164392431093761e-03 2.440544195990483889e+00
3.788417652920053613e-03 2.440622125390883745e+00
3.858960454172017523e-03 2.440701505887416634e+00
3.930816808274902908e-03 2.440782364500435619e+00
4.004011174437329193e-03 2.440864728753431301e+00
4.078568467314276115e-03 2.440948626682400313e+00
4.154514065487838019e-03 2.441034086845386142e+00
4.231873820105780740e-03 2.441121138332203344e+00
4.310674063681096436e-03 2.441209810774335853e+00
4.390941619055264283e-03 2.441300134355027129e+00
4.472703808528554620e-03 2.441392139819550611e+00
4.555988463160210236e-03 2.441485858485677785e+00
4.640823932241936942e-03 2.441581322254336772e+00
4.727239092947663722e-03 2.441678563620472531e+00
4.815263360163102649e-03 2.441777615684105562e+00
4.904926696498268339e-03 2.441878512161602011e+00
4.996259622486465442e-03 2.441981287397147593e+00
5.089293226973185848e-03 2.442085976374439582e+00
5.184059177698447513e-03 2.442192614728594169e+00
5.280589732076196134e-03 2.442301238758276316e+00
5.378917748174385713e-03 2.442411885438056984e+00
5.479076695899612499e-03 2.442524592430995956e+00
5.581100668389861984e-03 2.442639398101464909e+00
5.685024393619573027e-03 2.442756341528204977e+00
5.790883246220614351e-03 2.442875462517628549e+00
5.898713259523562236e-03 2.442996801617369318e+00
6.008551137822998670e-03 2.443120400130084580e+00
6.120434268871400088e-03 2.443246300127513315e+00
6.234400736605472115e-03 2.443374544464798515e+00
6.350489334109622741e-03 2.443505176795073286e+00
6.468739576820722523e-03 2.443638241584320525e+00
6.589191715978781790e-03 2.443773784126508808e+00
6.711886752328087222e-03 2.443911850559009835e+00
6.836866450073456405e-03 2.444052487878303204e+00
6.964173351096376516e-03 2.444195743955973388e+00
7.093850789435815832e-03 2.444341667555005149e+00
7.225942906038790824e-03 2.444490308346381369e+00
7.360494663785407260e-03 2.444641716925991304e+00
7.497551862793908235e-03 2.444795944831852363e+00
7.637161156010474454e-03 2.444953044561653410e+00
7.779370065089555135e-03 2.445113069590624466e+00
7.924226996569659620e-03 2.445276074389739485e+00
8.071781258350596219e-03 2.445442114444256632e+00
8.222083076477291336e-03 2.445611246272606287e+00
8.375183612236334132e-03 2.445783527445628547e+00
8.531134979570741475e-03 2.445959016606169545e+00
8.689990262819056316e-03 2.446137773489044598e+00
8.851803534784739164e-03 2.446319858941369052e+00
9.016629875142024783e-03 2.446505334943271492e+00
9.184525389184525559e-03 2.446694264628991089e+00
9.355547226922883777e-03 2.446886712308366629e+00
9.529753602538180990e-03 2.447082743488728784e+00
9.707203814197351219e-03 2.447282424897197384e+00
9.887958264237845657e-03 2.447485824503394358e+00
1.007207847972786674e-02 2.447693011542580344e+00
1.025962713340969334e-02 2.447904056539221607e+00
1.045066806503282784e-02 2.448119031330995732e+00
1.064526630308443647e-02 2.448338009093244505e+00
1.084348808692442434e-02 2.448561064363881989e+00
1.104540088933266689e-02 2.448788273068767563e+00
1.125107343947609646e-02 2.449019712547548355e+00
1.146057574630344848e-02 2.449255461579987525e+00
1.167397912237562105e-02 2.449495600412777030e+00
1.189135620813979582e-02 2.449740210786854888e+00
1.211278099665553422e-02 2.449989375965230032e+00
1.233832885878130038e-02 2.450243180761320527e+00
1.256807656882998059e-02 2.450501711567826923e+00
1.280210233070210903e-02 2.450765056386137619e+00
1.304048580450573730e-02 2.451033304856284012e+00
1.328330813367191270e-02 2.451306548287453868e+00
1.353065197257519517e-02 2.451584879689070462e+00
1.378260151466835677e-02 2.451868393802453472e+00
1.403924252114103523e-02 2.452157187133067850e+00
1.430066235011200580e-02 2.452451357983372660e+00
1.456694998636505131e-02 2.452751006486283192e+00
1.483819607163851424e-02 2.453056234639253930e+00
1.511449293547887339e-02 2.453367146338999660e+00
1.539593462666882621e-02 2.453683847416857855e+00
1.568261694524059058e-02 2.454006445674815406e+00
1.597463747508530776e-02 2.454335050922202388e+00
1.627209561716964556e-02 2.454669775013070154e+00
1.657509262337094821e-02 2.455010731884264441e+00
1.688373163094238419e-02 2.455358037594209897e+00
1.719811769761988088e-02 2.455711810362414038e+00
1.751835783738270660e-02 2.456072170609708838e+00
1.784456105688009622e-02 2.456439240999241047e+00
1.817683839253598707e-02 2.456813146478223686e+00
1.851530294834476814e-02 2.457194014320469133e+00
1.886006993437077880e-02 2.457581974169710470e+00
1.921125670596471324e-02 2.457977158083732405e+00
1.956898280371022897e-02 2.458379700579319760e+00
1.993336999411443253e-02 2.458789738678049286e+00
2.030454231105599874e-02 2.459207411952927025e+00
2.068262609800512047e-02 2.459632862575900525e+00
2.106775005102958995e-02 2.460066235366250798e+00
2.146004526260170825e-02 2.460507677839887997e+00
2.185964526622089996e-02 2.460957340259564141e+00
2.226668608186720480e-02 2.461415375686022866e+00
2.268130626230121724e-02 2.461881940030097304e+00
2.310364694022599280e-02 2.462357192105781412e+00
2.353385187632739406e-02 2.462841293684290278e+00
2.397206750820876989e-02 2.463334409549123194e+00
2.441844300023689532e-02 2.463836707552155225e+00
2.487313029431609951e-02 2.464348358670774175e+00
2.533628416160781799e-02 2.464869537066076255e+00
2.580806225521319400e-02 2.465400420142151106e+00
2.628862516383667636e-02 2.465941188606468604e+00
2.677813646644886664e-02 2.466492026531388770e+00
2.727676278796720491e-02 2.467053121416818318e+00
2.778467385597349973e-02 2.467624664254034705e+00
2.830204255848754735e-02 2.468206849590696805e+00
2.882904500281655014e-02 2.468799875597068816e+00
2.936586057550032505e-02 2.469403944133472084e+00
2.991267200337279983e-02 2.470019260818999918e+00
3.046966541576033236e-02 2.470646035101506488e+00
3.103703040783850967e-02 2.471284480328901356e+00
3.161496010516839927e-02 2.471934813821770494e+00
3.220365122943465858e-02 2.472597256947351774e+00
3.280330416540769289e-02 2.473272035194883145e+00
3.341412302915267724e-02 2.473959378252360786e+00
3.403631573750871830e-02 2.474659520084719233e+00
3.467009407886173511e-02 2.475372699013473454e+00
3.531567378523516043e-02 2.476099157797839734e+00
3.597327460572304764e-02 2.476839143717368685e+00
3.664312038129054899e-02 2.477592908656116588e+00
3.732543912096718958e-02 2.478360709188385691e+00
3.802046307945897846e-02 2.479142806666058796e+00
3.872842883620562088e-02 2.479939467307558765e+00
3.944957737590995550e-02 2.480750962288471584e+00
4.018415417056662997e-02 2.481577567833846754e+00
4.093240926301865146e-02 2.482419565312224741e+00
4.169459735206937356e-02 2.483277241331411478e+00
4.247097787917957640e-02 2.484150887836036770e+00
4.326181511677882480e-02 2.485040802206928578e+00
4.406737825822122645e-02 2.485947287362340052e+00
4.488794150941627370e-02 2.486870651861059045e+00
4.572378418216588997e-02 2.487811210007439211e+00
4.657519078923944011e-02 2.488769281958384649e+00
4.744245114121915102e-02 2.489745193832330283e+00
4.832586044514883272e-02 2.490739277820248176e+00
4.922571940501949128e-02 2.491751872298721970e+00
5.014233432412606301e-02 2.492783321945128527e+00
5.107601720933011014e-02 2.493833977854960526e+00
5.202708587726398437e-02 2.494904197661337975e+00
5.299586406251232534e-02 2.495994345656741054e+00
5.398268152780850981e-02 2.497104792917014482e+00
5.498787417628248075e-02 2.498235917427675368e+00
5.601178416579897373e-02 2.499388104212577399e+00
5.705476002542476943e-02 2.500561745464969565e+00
5.811715677406460723e-02 2.501757240680993366e+00
5.919933604130617893e-02 2.502974996795668705e+00
6.030166619051536420e-02 2.504215428321410641e+00
6.142452244422354907e-02 2.505478957489124081e+00
6.256828701184977137e-02 2.506766014391929254e+00
6.373334921980107481e-02 2.508077037131559717e+00
6.492010564399550154e-02 2.509412471967487068e+00
6.612896024485265256e-02 2.510772773468826990e+00
6.736032450479795264e-02 2.512158404669065259e+00
6.861461756832737402e-02 2.513569837223674774e+00
6.989226638467981034e-02 2.515007551570657807e+00
7.119370585316700528e-02 2.516472037094086733e+00
7.251937897120869225e-02 2.517963792290682790e+00
7.386973698512479258e-02 2.519483324939500335e+00
7.524523954373522894e-02 2.521031152274771259e+00
7.664635485482000632e-02 2.522607801161963259e+00
7.807355984449254604e-02 2.524213808277123494e+00
7.952734031954081240e-02 2.525849720289556011e+00
8.100819113279116024e-02 2.527516094047902229e+00
8.251661635155152497e-02 2.529213496769687985e+00
8.405312942919103414e-02 2.530942506234398870e+00
8.561825337991456342e-02 2.532703710980149125e+00
8.721252095679174476e-02 2.534497710504016954e+00
8.883647483310092019e-02 2.536325115466105284e+00
9.049066778705006087e-02 2.538186547897405720e+00
9.217566288993662982e-02 2.540082641411531839e+00
9.389203369781229380e-02 2.542014041420393777e+00
9.564036444671539239e-02 2.543981405353893166e+00
9.742125025153940132e-02 2.545985402883702786e+00
9.923529730860425335e-02 2.548026716151217563e+00
1.010831231019997251e-01 2.550106039999749719e+00
1.029653566137710280e-01 2.552224082211044909e+00
1.048826385380182830e-01 2.554381563746206840e+00
1.068356214989825137e-01 2.556579218991103186e+00
1.088249702731926977e-01 2.558817796006343404e+00
1.108513620157492580e-01 2.561098056781913268e+00
1.129154864908210876e-01 2.563420777496547842e+00
1.150180463064346542e-01 2.565786748781934357e+00
1.171597571536349552e-01 2.568196775991836933e+00
1.193413480500999518e-01 2.570651679476231077e+00
1.215635615882906528e-01 2.573152294860541645e+00
1.238271541882231958e-01 2.573381114816505111e+00
1.261328963549463444e-01 2.573050115366788848e+00
1.284815729408141094e-01 2.572712952491987171e+00
1.308739834126420032e-01 2.572369511425115718e+00
1.333109421238376224e-01 2.572019675262153360e+00
1.357932785915988705e-01 2.571663324922250915e+00
1.383218377792734821e-01 2.571300339107195576e+00
1.408974803839764256e-01 2.570930594260123936e+00
1.435210831295628819e-01 2.570553964523461854e+00
1.461935390650565825e-01 2.570170321696087168e+00
1.489157578686350347e-01 2.569779535189687714e+00
1.516886661572751649e-01 2.569381471984312881e+00
1.545132078021649036e-01 2.568975996583094279e+00
1.573903442499876848e-01 2.568562970966122627e+00
1.603210548501897981e-01 2.568142254543469782e+00
1.633063371883409221e-01 2.567713704107329686e+00
1.663472074257034139e-01 2.567277173783275135e+00
1.694447006451233195e-01 2.566832514980602387e+00
1.725998712033626203e-01 2.566379576341750735e+00
1.758137930899921486e-01 2.565918203690785049e+00
1.790875602929671295e-01 2.565448239980911982e+00
1.824222871710103333e-01 2.564969525241026282e+00
1.858191088329288199e-01 2.564481896521256132e+00
1.892791815239940889e-01 2.563985187837497293e+00
1.928036830195168361e-01 2.563479230114912966e+00
1.963938130257501802e-01 2.562963851130383386e+00
2.000507935882581689e-01 2.562438875453882048e+00
2.037758695078882853e-01 2.559158620029093889e+00
2.075703087644895362e-01 2.545186847572616262e+00
2.114354029485208675e-01 2.530954911623663595e+00
2.153724677006951527e-01 2.516457967768758408e+00
2.193828431598118522e-01 2.501691081388289550e+00
2.234678944189265326e-01 2.485752529093003815e+00
2.276290119900154507e-01 2.462456005223858213e+00
2.318676122772925507e-01 2.438725684924718529e+00
2.361851380593395777e-01 2.414553490623852383e+00
2.405830589802141206e-01 2.389931194339886655e+00
2.450628720497022295e-01 2.364850414881081608e+00
2.496261021528859703e-01 2.339302614992456064e+00
2.542743025691997505e-01 2.313279098449786186e+00
2.590090555011514417e-01 2.286774071284087384e+00
2.638319726128889320e-01 2.261404352257782691e+00
2.687446955787950453e-01 2.235562232558940821e+00
2.737488966422976233e-01 2.209238915779718759e+00
2.788462791850851996e-01 2.182425441717436243e+00
2.840385783069207526e-01 2.155112683324613698e+00
2.893275614162543752e-01 2.124498957259338461e+00
2.947150288318309830e-01 2.094047459402928801e+00
3.002028143955018935e-01 2.063661049858793284e+00
3.057927860964464450e-01 2.032708825601071467e+00
3.114868467070179836e-01 2.001077999411684960e+00
3.172869344304287131e-01 1.967744161920818691e+00
3.231950235604956201e-01 1.933789626690549213e+00
3.292131251536709602e-01 1.899202835925173583e+00
3.353432877135864021e-01 1.863972016615314864e+00
3.415875978883438635e-01 1.829004662075742305e+00
3.479481811807904612e-01 1.796133430590230118e+00
3.544272026720190483e-01 1.762650115390082428e+00
3.610268677583408636e-01 1.729321984163398662e+00
3.677494229019815930e-01 1.696765057446504299e+00
3.745971563957538608e-01 1.665539642518222063e+00
3.815723991419722738e-01 1.633732790050285821e+00
3.886775254458685325e-01 1.601333673297453020e+00
3.959149538237822785e-01 1.568331263913441465e+00
4.032871478264007936e-01 1.534714328196986610e+00
4.107966168773279358e-01 1.500471423267998317e+00
4.184459171272673639e-01 1.465590893172515230e+00
4.262376523241119264e-01 1.430060864915130070e+00
4.341744746992340365e-01 1.394672578685139275e+00
4.422590858702796224e-01 1.363336876471784365e+00
4.504942377607727977e-01 1.331417683097779747e+00
4.588827335368438898e-01 1.298904133578124398e+00
4.674274285614002378e-01 1.265785160614727678e+00
4.761312313660640005e-01 1.240361578481560034e+00
4.849971046412088205e-01 1.211512914364905491e+00
4.940280662444290205e-01 1.182127069354905968e+00
5.032271902277920539e-01 1.152194040793862451e+00
5.125976078842141570e-01 1.121703639768084848e+00
5.221425088133228032e-01 1.090645487639680722e+00
5.318651420071653924e-01 1.059009012513769443e+00
5.417688169561351019e-01 1.026783445639908754e+00
5.518569047754889878e-01 9.952734114241864605e-01
5.621328393528434164e-01 9.691169193841774332e-01
5.726001185170360719e-01 9.424733764462810415e-01
5.832623052287529974e-01 9.153337134059278402e-01
5.941230287933262355e-01 8.876886921840592137e-01
6.051859860961140702e-01 8.595289026825744250e-01
6.164549428608852022e-01 8.308447595812247233e-01
6.279337349316347350e-01 8.033780919937155707e-01
6.396262695782688468e-01 7.792610351706711347e-01
6.515365268265994603e-01 7.555196585959257360e-01
6.636685608131102088e-01 7.313362021444091976e-01
6.760265011649428946e-01 7.067024340012211248e-01
6.886145544055831680e-01 6.816099690697122737e-01
7.014370053867203803e-01 6.565939835485781195e-01
7.144982187467702195e-01 6.355002927216242270e-01
7.278026403965547342e-01 6.140138236489748325e-01
7.413547990326480042e-01 5.921272625441731385e-01
7.551593076789002712e-01 5.713047108119799766e-01
7.692208652566669969e-01 5.514857431195673287e-01
7.835442581842760879e-01 5.312977333554953496e-01
7.981343620062785194e-01 5.120124487314048345e-01
8.129961430530368016e-01 4.941633831659128506e-01
8.281346601312153943e-01 4.759819563878842086e-01
8.435550662457507176e-01 4.574619796153229223e-01
8.592626103538809623e-01 4.385971488270891672e-01
8.752626391518453230e-01 4.230182850047911058e-01
8.915605988948442917e-01 4.082785281312777959e-01
9.081620372508935057e-01 3.943141740478252610e-01
9.250726051891957624e-01 3.841400501002177337e-01
9.422980589036769050e-01 3.737764773459308354e-01
9.598442617723382808e-01 3.632199281249381961e-01
9.777171863530940144e-01 3.524668090898890882e-01
9.959229164167721082e-01 3.415134599829671713e-01
1.014467649017972262e+00 3.303561523899739005e-01
1.033357696604477738e+00 3.189910884712155448e-01
1.052599489165964020e+00 3.074143996687478397e-01
1.072199576422688816e+00 2.956221453895659379e-01
1.092164630054969887e+00 2.836103116642550992e-01
1.112501445974144909e+00 2.713748097806834014e-01
1.133216946635849931e+00 2.589114748922342613e-01
1.154318183396339847e+00 2.462160646001426700e-01
1.175812338912719079e+00 2.332842575094135340e-01
1.197706729587830976e+00 2.201116517578710352e-01
1.220008808060708771e+00 2.066937635177964749e-01
1.242726165743363032e+00 1.958509857004208377e-01
1.265866535404845061e+00 1.903896853791008925e-01
1.289437793803388077e+00 1.848266920929498291e-01
1.313447964367588261e+00 1.791601122528067302e-01
1.337905219927509881e+00 1.733880170096467332e-01
1.362817885496618864e+00 1.675084415980239716e-01
1.388194441105558674e+00 1.615193846672791644e-01
1.414043524688648690e+00 1.554188076003044094e-01
1.440373935024176877e+00 1.492046338196122424e-01
1.467194634729394265e+00 1.428747480804944125e-01
1.494514753311328548e+00 1.364269957510071962e-01
1.522343590274354730e+00 1.298591820785612305e-01
1.550690618285681888e+00 1.231690714428432532e-01
1.579565486399731711e+00 1.163543865948384604e-01
1.608978023342610308e+00 1.094128078816706678e-01
1.638938240857683581e+00 1.023419724570214517e-01
1.669456337113506494e+00 9.625957521681582918e-02
1.700542700175156297e+00 9.359279941722645213e-02
1.732207911540239786e+00 9.087636651737837634e-02
1.764462749740743686e+00 8.810935186975978051e-02
1.797318194011918058e+00 8.529081360932182221e-02
1.830785428029529927e+00 8.241979233287452522e-02
1.864875843716650827e+00 7.949531077251757727e-02
1.899601045121384946e+00 7.651637346298538478e-02
1.934972852366746432e+00 7.348196640280277303e-02
1.971003305674144945e+00 7.039105670912609858e-02
2.007704669461729541e+00 6.724259226616266516e-02
2.045089436519110571e+00 6.403550136703775597e-02
2.083170332259750790e+00 6.076869234899895389e-02
2.121960319052607957e+00 5.744105322182171264e-02
2.161472600634363861e+00 5.420737990845524157e-02
2.201720626603886455e+00 5.329280645401683614e-02
2.242718097000309108e+00 5.236120304688116761e-02
2.284478966966407842e+00 5.141225257825025180e-02
2.327017451498807787e+00 5.044563203455373207e-02
2.370348030286602015e+00 4.946101238749882334e-02
2.414485452640131591e+00 4.845805848207146438e-02
2.459444742511473603e+00 4.743642892245363007e-02
2.505241203608484568e+00 4.639577595581463598e-02
2.551890424603998397e+00 4.533574535394028354e-02
2.599408284442098704e+00 4.425597629265614480e-02
2.647810957743116145e+00 4.315610122900739865e-02
2.697114920309356290e+00 4.203574577614983127e-02
2.747336954733260672e+00 4.089452857591308055e-02
2.798494156110081565e+00 3.973206116898909956e-02
2.850603937856843739e+00 3.854794786270530904e-02
2.903684037639747473e+00 3.734178559633363759e-02
2.957752523411861123e+00 3.611316380389341385e-02
3.012827799563291276e+00 3.486166427439835874e-02
3.068928613185880838e+00 3.358686100950111081e-02
3.126074060454493431e+00 3.228832007848853047e-02
3.184283593127217316e+00 3.096559947057471104e-02
3.243577025166503702e+00 2.961824894444598996e-02
3.303974539483703232e+00 2.824580987500188364e-02
3.365496694809076317e+00 2.713178294573643720e-02
3.428164432689845054e+00 2.713178294573643720e-02
3.491999084618434779e+00 2.541823400169585315e-02
3.557022379293566239e+00 2.320386482377275600e-02
3.623256450016437036e+00 2.291766504188623085e-02
3.690723842224740814e+00 2.262613603387371788e-02
3.759447521166858763e+00 2.232917856607788756e-02
3.829450879719066503e+00 2.202669155704602491e-02
3.900757746348192168e+00 2.171857204312310427e-02
3.973392393222616281e+00 2.140471514340386988e-02
4.047379544474309476e+00 2.108501402403226144e-02
4.122744384614633439e+00 2.075935986183646831e-02
4.199512567106964411e+00 2.042764180728628282e-02
4.277710223098824649e+00 2.008974694676127909e-02
4.357363970316736612e+00 1.974556026411580095e-02
4.438500922126571879e+00 1.939496460152890372e-02
4.521148696762748997e+00 1.747439220081012379e-02
4.605335426729140202e+00 1.550387596899224785e-02
4.691089768375181102e+00 1.550387596899224785e-02
4.778440911650137402e+00 1.550387596899224785e-02
4.867418590039156889e+00 1.550387596899224785e-02
4.958053090684187758e+00 1.550387596899224785e-02
5.050375264693500732e+00 1.550387596899224785e-02
5.144416537643044407e+00 1.550387596899224785e-02
5.240208920273436100e+00 1.550387596899224785e-02
5.337785019386138252e+00 1.550387596899224785e-02
5.437178048942425512e+00 1.550387596899224785e-02
5.538421841369184584e+00 1.550387596899224785e-02
5.641550859075053381e+00 1.550387596899224785e-02
5.746600206181185833e+00 1.563697917234804780e-02
5.853605640470261662e+00 1.583589991350224310e-02
5.962603585558182040e+00 1.603852468826461042e-02
6.073631143292226753e+00 1.624492246815055149e-02
6.186726106380254109e+00 1.645516350897004154e-02
6.301926971254879994e+00 1.666931937474184361e-02
6.419272951177392272e+00 1.688746296205341155e-02
6.538803989585459497e+00 1.710966852487397910e-02
6.660560773689599756e+00 1.733601169983008811e-02
6.784584748322618708e+00 1.756656953195140369e-02
6.910918130047069674e+00 1.780142050089615624e-02
7.039603921525409369e+00 1.804064454766495657e-02
7.170685926157585044e+00 1.828432310181173082e-02
7.304208762991406978e+00 1.853253910916179831e-02
7.440217881910323960e+00 1.878537706004558896e-02
7.578759579104239030e+00 1.904292301805855445e-02
7.719881012828172295e+00 1.930526464935618247e-02
7.863630219454591064e+00 2.079416720513417582e-02
8.010056129824404181e+00 2.279255554406054568e-02
8.159208585902675281e+00 2.482815517390920754e-02
8.311138357744217942e+00 2.690165899312449774e-02
8.465897160775361030e+00 2.901377280237145417e-02
8.623537673397242642e+00 3.116521554478167422e-02
8.784113554917176714e+00 3.335671955067661537e-02
8.947679463813630107e+00 3.558903078684395871e-02
9.114291076341496378e+00 3.786290911045824686e-02
9.284005105483812414e+00 4.017912852772972943e-02
9.456879320256179611e+00 4.253847745736679536e-02
9.632972565370922169e+00 4.494175899894806148e-02
9.812344781267119842e+00 4.738979120628780684e-02
9.995057024513895882e+00 4.988340736589551294e-02
1.018117148859333199e+01 5.242345628061650248e-02
1.037075152507068587e+01 5.501080255855832907e-02
1.056386166515849467e+01 5.764632690739292936e-02
1.076056764168253643e+01 5.489810154872139941e-02
1.096093641145647979e+01 5.085318936820736740e-02
1.116503617807351212e+01 4.673295829147464109e-02
1.137293641512200537e+01 4.253600583167786719e-02
1.158470788983383848e+01 3.871911067889594049e-02
1.180042268717270915e+01 3.836482937988978242e-02
1.202015423437123687e+01 3.800395113261852142e-02
1.224397732592495558e+01 3.763635309761372699e-02
1.247196814905145956e+01 3.726191014805633334e-02
1.270420430962400538e+01 3.688049482718432776e-02
1.294076485858758829e+01 3.649197730490804509e-02
1.318173031886733249e+01 3.609622533361691449e-02
1.342718271277750652e+01 3.569310420316399585e-02
1.367720558994133739e+01 3.528247669501159700e-02
1.393188405573027921e+01 3.486420303552378169e-02
1.419130480023328111e+01 3.443814084838838635e-02
1.445555612776503196e+01 3.400414510615386993e-02
1.472472798692411722e+01 3.356206808086303200e-02
1.499891200121043155e+01 3.311175929376818095e-02
1.527820150021316081e+01 3.265306546410924604e-02
1.556269155137906779e+01 3.218583045693886036e-02
1.585247899237261571e+01 3.170989522997533921e-02
1.614766246403867811e+01 3.122509777946610304e-02
1.644834244397869583e+01 3.073127308504353117e-02
1.675462128075254853e+01 3.022825305355316544e-02
1.706660322871675461e+01 2.971586646183688868e-02
1.738439448351190464e+01 2.919393889844976858e-02
1.770810321821035771e+01 2.866229270429253989e-02
1.803783962013761055e+01 2.812074691213767991e-02
1.837371592837868306e+01 2.756911718503041175e-02
1.871584647198352513e+01 2.700721575354170928e-02
1.906434770888323271e+01 2.643485135185384000e-02
1.941933826553148634e+01 2.585182915265489545e-02
1.978093897728354733e+01 2.525795070082192256e-02
2.014927292952776483e+01 2.465301384586821021e-02
2.052446549958237654e+01 2.403681267313366107e-02
2.090664439937283703e+01 2.340913743369327921e-02
2.129593971890387039e+01 2.219372768122354622e-02
2.169248397054054323e+01 2.077058580770691637e-02
2.209641213411454785e+01 1.937753880829205799e-02
2.250786170286966481e+01 1.931972392392544355e-02
2.292697273026351112e+01 1.926083248880045007e-02
2.335388787764000895e+01 1.920084445684162172e-02
2.378875246279029199e+01 1.913973940870250870e-02
2.423171450941712379e+01 1.907749654481517149e-02
2.468292479752109614e+01 1.901409467831015679e-02
2.514253691472430319e+01 1.894951222780475245e-02
2.561070730855049149e+01 1.888372721005682209e-02
2.608759533967785416e+01 1.881671723248199909e-02
2.657336333618430402e+01 1.874845948553139491e-02
2.706817664880201235e+01 1.867893073492750411e-02
2.757220370720133928e+01 1.860810731375545438e-02
2.808561607732285381e+01 1.853596511440700617e-02
2.860858851977631900e+01 1.846247958037460293e-02
2.914129904932797999e+01 1.838762569789250192e-02
2.968392899549459685e+01 1.831137798742240794e-02
3.023666306426673600e+01 1.823371049498041449e-02
3.079968940098042296e+01 1.815459678330258453e-02
3.137319965436048719e+01 1.807400992284589197e-02
3.195738904175544448e+01 1.799192248262173124e-02
3.255245641558808956e+01 1.790830652085861202e-02
3.315860433104242588e+01 1.782313357549112492e-02
3.377603911501203982e+01 1.773637465447163580e-02
3.440497093633121040e+01 1.764800022590176654e-02
3.504561387731492772e+01 1.755798020797994657e-02
3.569818600662993902e+01 1.746628395876191273e-02
3.636290945352343584e+01 1.737288026573046568e-02
3.704001048343391034e+01 1.727773733517100341e-02
3.772971957500922713e+01 1.718082278134931348e-02
3.843227149855991343e+01 1.708210361548770026e-02
3.914790539597208863e+01 1.698154623453601575e-02
3.987686486210969150e+01 1.687911640973341343e-02
4.061939802773117947e+01 1.677477927495728618e-02
4.137575764395148070e+01 1.666849931485510708e-02
4.214620116827535412e+01 1.656024035275542247e-02
4.293099085223416722e+01 1.644996553835357742e-02
4.373039383065301422e+01 1.633763733516831879e-02
4.454468221258161975e+01 1.622321750776463747e-02
4.537413317391683876e+01 1.610666710873891183e-02
4.621902905175141996e+01 1.598794646546146392e-02
4.707965744047818646e+01 1.586701516657249705e-02
4.795631128968462775e+01 1.574383204822638743e-02
4.884928900387043882e+01 1.561835518007989587e-02
4.975889454402081213e+01 1.549054185101957602e-02
5.068543753107265815e+01 1.536034855462319222e-02
5.162923335130571445e+01 1.522773097435069223e-02
5.259060326369786509e+01 1.509264396845915249e-02
5.356987450927771022e+01 1.495504155463709545e-02
5.456738042251514287e+01 1.481487689435242311e-02
5.558346054478427334e+01 1.467210227690916857e-02
5.661846073994096429e+01 1.452666910320709465e-02
5.767273331205058895e+01 1.437852786919917303e-02
5.874663712530989557e+01 1.422762814904074587e-02
5.984053772619995470e+01 1.407391857792519504e-02
6.095480746791558602e+01 1.391734683459971283e-02
6.208982563711000324e+01 1.375785962355578415e-02
6.324597858300060693e+01 1.359540265688785263e-02
6.442365984887896957e+01 1.342992063581418746e-02
6.562327030606823541e+01 1.326135723185384481e-02
6.684521829037691987e+01 1.308965506765284031e-02
6.808991974109140699e+01 1.291475569745361221e-02
6.935779834255868082e+01 1.273659958720049432e-02
7.064928566840339386e+01 1.255512609427504936e-02
7.196482132843237878e+01 1.237027344685375646e-02
7.330485311827251849e+01 1.218197872288163258e-02
7.466983717179711277e+01 1.199017782865402504e-02
7.606023811638837628e+01 1.179480547699987211e-02
7.747652923109323808e+01 1.159579516505843816e-02
7.891919260772174027e+01 1.139307915164254614e-02
8.038871931494769285e+01 1.118658843417995145e-02
8.188560956546258751e+01 1.097625272522569778e-02
8.341037288624366397e+01 1.076200042853686992e-02
8.496352829199241796e+01 1.054375861470186956e-02
8.654560446180107647e+01 1.032145299631610433e-02
8.815713991911118796e+01 1.009500790269508147e-02
8.979868321502041795e+01 9.864346254117034238e-03
9.147079311500542076e+01 9.629389535585534607e-03
9.317403878911882487e+01 9.390057770103944421e-03
9.490900000573066109e+01 9.146269491451811812e-03
9.667626732887440255e+01 8.897941716454770000e-03
9.847644231927078806e+01 8.644989916737656765e-03
1.003101377390917577e+02 8.387327989952080357e-03
1.021779777605403012e+02 8.124868230467794522e-03
1.040805981783110781e+02 7.857521299518782296e-03
1.060186466260104226e+02 7.585196194792956717e-03
1.079927827966030804e+02 7.307800219456078022e-03
1.100036786669659818e+02 7.025238950598542212e-03
1.120520187266232881e+02 6.737416207094653470e-03
1.141385002107385418e+02 6.444234016863706685e-03
1.162638333374485029e+02 6.145592583520992011e-03
1.184287415496127522e+02 5.841390252408323533e-03
1.206339617610684769e+02 5.531523475991520500e-03
1.228802446074669632e+02 5.215886778614082370e-03
1.251683547017846649e+02 4.894372720594028156e-03
1.274990708945880016e+02 4.566871861652751011e-03
1.298731865391486906e+02 4.233272723662312095e-03
1.322915097614914828e+02 3.893461752699649975e-03
1.347548637354743732e+02 3.547323280393650802e-03
1.372640869629871645e+02 3.194739484553010822e-03
1.398200335593713532e+02 2.835590349060439219e-03
1.424235735441509405e+02 2.469753623020574246e-03
1.450755931371794247e+02 2.097104779146850145e-03
1.477769950603013456e+02 1.717516971373511669e-03
1.505286988446281953e+02 1.330860991678665950e-03
1.533316411435400255e+02 9.370052261028702367e-04
1.561867760515110035e+02 5.358156099492840385e-04
1.590950754288763562e+02 1.271555821490237548e-04
1.620575292326416843e+02 0.000000000000000000e+00
1.650751458534573999e+02 0.000000000000000000e+00
1.681489524588624249e+02 0.000000000000000000e+00
1.712799953429249342e+02 0.000000000000000000e+00
1.744693402823878330e+02 0.000000000000000000e+00
1.777180728994518404e+02 0.000000000000000000e+00
1.810272990313077628e+02 0.000000000000000000e+00
1.843981451065558304e+02 0.000000000000000000e+00
1.878317585286280860e+02 0.000000000000000000e+00
1.913293080663564751e+02 0.000000000000000000e+00
1.948919842518077417e+02 0.000000000000000000e+00
1.985209997855302220e+02 0.000000000000000000e+00
2.022175899493465749e+02 0.000000000000000000e+00
2.059830130268290134e+02 0.000000000000000000e+00
2.098185507316100882e+02 0.000000000000000000e+00
2.137255086436622662e+02 0.000000000000000000e+00
2.177052166537082769e+02 0.000000000000000000e+00
2.217590294158993629e+02 0.000000000000000000e+00
2.258883268089302589e+02 0.000000000000000000e+00
2.300945144057328093e+02 0.000000000000000000e+00
2.343790239519230454e+02 0.000000000000000000e+00
2.387433138531499708e+02 0.000000000000000000e+00
2.431888696715264473e+02 0.000000000000000000e+00
2.477172046312963118e+02 0.000000000000000000e+00
2.523298601339253082e+02 0.000000000000000000e+00
2.570284062827756770e+02 0.000000000000000000e+00
2.618144424175556537e+02 0.000000000000000000e+00
2.666895976587209702e+02 0.000000000000000000e+00
2.716555314620077866e+02 0.000000000000000000e+00
2.767139341832999548e+02 0.000000000000000000e+00
2.818665276540052105e+02 0.000000000000000000e+00
2.871150657671545900e+02 0.000000000000000000e+00
2.924613350744059517e+02 0.000000000000000000e+00
2.979071553941736852e+02 0.000000000000000000e+00
3.034543804310725932e+02 0.000000000000000000e+00
3.091048984069056473e+02 0.000000000000000000e+00
3.148606327033918433e+02 0.000000000000000000e+00
3.207235425168713618e+02 0.000000000000000000e+00
3.266956235251924454e+02 0.000000000000000000e+00
3.327789085670256100e+02 0.000000000000000000e+00
3.389754683338179575e+02 0.000000000000000000e+00
3.452874120746384392e+02 0.000000000000000000e+00
3.517168883141478091e+02 0.000000000000000000e+00
3.582660855839311012e+02 0.000000000000000000e+00
3.649372331674578049e+02 0.000000000000000000e+00
3.717326018589032515e+02 0.000000000000000000e+00
3.786545047361103116e+02 0.000000000000000000e+00
3.857052979479331611e+02 0.000000000000000000e+00
3.928873815162535834e+02 0.000000000000000000e+00
4.002032001529187824e+02 0.000000000000000000e+00
4.076552440919043079e+02 0.000000000000000000e+00
4.152460499369591389e+02 0.000000000000000000e+00
4.229782015250473819e+02 0.000000000000000000e+00
4.308543308058552270e+02 0.000000000000000000e+00
4.388771187376873399e+02 0.000000000000000000e+00
4.470492962000338366e+02 0.000000000000000000e+00
4.553736449231372490e+02 0.000000000000000000e+00
4.638529984348697326e+02 0.000000000000000000e+00
4.724902430252319618e+02 0.000000000000000000e+00
4.812883187288260842e+02 0.000000000000000000e+00
4.902502203256070175e+02 0.000000000000000000e+00
4.993789983602849247e+02 0.000000000000000000e+00
5.086777601806928146e+02 0.000000000000000000e+00
5.181496709955059714e+02 0.000000000000000000e+00
5.277979549516402358e+02 0.000000000000000000e+00
5.376258962317285750e+02 0.000000000000000000e+00
5.476368401720170596e+02 0.000000000000000000e+00
5.578341944010928728e+02 0.000000000000000000e+00
5.682214299998005345e+02 0.000000000000000000e+00
5.788020826827719247e+02 0.000000000000000000e+00
5.895797540019424332e+02 0.000000000000000000e+00
6.005581125724872891e+02 0.000000000000000000e+00
6.117408953215865495e+02 0.000000000000000000e+00
6.231319087604306333e+02 0.000000000000000000e+00
6.347350302799295605e+02 0.000000000000000000e+00
6.465542094705293721e+02 0.000000000000000000e+00
6.585934694666249243e+02 0.000000000000000000e+00
6.708569083159853790e+02 0.000000000000000000e+00
6.833487003747007975e+02 0.000000000000000000e+00
6.960730977280817342e+02 0.000000000000000000e+00
7.090344316380389955e+02 0.000000000000000000e+00
7.222371140173922868e+02 0.000000000000000000e+00
7.356856389316537843e+02 0.000000000000000000e+00
7.493845841287534313e+02 0.000000000000000000e+00
7.633386125972715490e+02 0.000000000000000000e+00
7.775524741536648889e+02 0.000000000000000000e+00
7.920310070590622900e+02 0.000000000000000000e+00
8.067791396661674526e+02 0.000000000000000000e+00
8.218018920968110024e+02 0.000000000000000000e+00
8.371043779507643876e+02 0.000000000000000000e+00
8.526918060463466418e+02 0.000000000000000000e+00
8.685694821934697529e+02 0.000000000000000000e+00
8.847428109996704961e+02 0.000000000000000000e+00
9.012172977098015281e+02 0.000000000000000000e+00
9.179985500799483589e+02 0.000000000000000000e+00
9.350922802862705794e+02 0.000000000000000000e+00
9.525043068693565829e+02 0.000000000000000000e+00
9.702405567148131240e+02 0.000000000000000000e+00
9.883070670707051022e+02 0.000000000000000000e+00
1.006709987602591582e+03 0.000000000000000000e+00
1.025455582486799358e+03 0.000000000000000000e+00
1.044550232542693038e+03 0.000000000000000000e+00
1.064000437404651620e+03 0.000000000000000000e+00
1.083812817734466080e+03 0.000000000000000000e+00
1.103994117474965151e+03 0.000000000000000000e+00
1.124551206145571769e+03 0.000000000000000000e+00
1.145491081180638730e+03 0.000000000000000000e+00
1.166820870311289127e+03 0.000000000000000000e+00
1.188547833991646030e+03 0.000000000000000000e+00
1.210679367870201986e+03 0.000000000000000000e+00
1.233223005307245558e+03 0.000000000000000000e+00
1.256186419939124789e+03 0.000000000000000000e+00
1.279577428290298258e+03 0.000000000000000000e+00
1.303403992433985422e+03 0.000000000000000000e+00
1.327674222702398765e+03 0.000000000000000000e+00
1.352396380447405136e+03 0.000000000000000000e+00
1.377578880852616976e+03 0.000000000000000000e+00
1.403230295797848839e+03 0.000000000000000000e+00
1.429359356776882578e+03 0.000000000000000000e+00
1.455974957869606214e+03 0.000000000000000000e+00
1.483086158769448730e+03 0.000000000000000000e+00
1.510702187867237626e+03 0.000000000000000000e+00
1.538832445392428326e+03 0.000000000000000000e+00
1.567486506612876383e+03 0.000000000000000000e+00
1.596674125094141573e+03 0.000000000000000000e+00
1.626405236019532595e+03 0.000000000000000000e+00
1.656689959571921008e+03 0.000000000000000000e+00
1.687538604378581340e+03 0.000000000000000000e+00
1.718961671020119866e+03 0.000000000000000000e+00
1.750969855604799022e+03 0.000000000000000000e+00
1.783574053409365206e+03 0.000000000000000000e+00
1.816785362587705322e+03 0.000000000000000000e+00
1.850615087948562405e+03 0.000000000000000000e+00
1.885074744803558133e+03 0.000000000000000000e+00
1.920176062886922864e+03 0.000000000000000000e+00
1.955930990348153500e+03 0.000000000000000000e+00
1.992351697819079845e+03 0.000000000000000000e+00
2.029450582556596828e+03 0.000000000000000000e+00
2.067240272662605094e+03 0.000000000000000000e+00
2.105733631382460771e+03 0.000000000000000000e+00
2.144943761483533763e+03 0.000000000000000000e+00
2.184884009715229240e+03 0.000000000000000000e+00
2.225567971352126278e+03 0.000000000000000000e+00
2.267009494821643329e+03 0.000000000000000000e+00
2.309222686417945624e+03 0.000000000000000000e+00
2.352221915103556512e+03 0.000000000000000000e+00
2.396021817400431701e+03 0.000000000000000000e+00
2.440637302372099384e+03 0.000000000000000000e+00
2.486083556698532902e+03 0.000000000000000000e+00
2.532376049845584021e+03 0.000000000000000000e+00
2.579530539330603460e+03 0.000000000000000000e+00
2.627563076086185447e+03 0.000000000000000000e+00
2.676490009923711568e+03 0.000000000000000000e+00
2.726327995098708470e+03 0.000000000000000000e+00
2.777093995979752435e+03 0.000000000000000000e+00
2.828805292823022228e+03 0.000000000000000000e+00
2.881479487654285094e+03 0.000000000000000000e+00
2.935134510260501884e+03 0.000000000000000000e+00
2.989788624292908480e+03 0.000000000000000000e+00
3.045460433483831366e+03 0.000000000000000000e+00
3.102168887979176816e+03 0.000000000000000000e+00
3.159933290788897011e+03 0.000000000000000000e+00
3.218773304357564939e+03 0.000000000000000000e+00
3.278708957257237671e+03 0.000000000000000000e+00
3.339760651005040017e+03 0.000000000000000000e+00
3.401949167007590404e+03 0.000000000000000000e+00
3.465295673634846480e+03 0.000000000000000000e+00
3.529821733425555976e+03 0.000000000000000000e+00
3.595549310426995362e+03 0.000000000000000000e+00
3.662500777671260039e+03 0.000000000000000000e+00
3.730698924790889123e+03 0.000000000000000000e+00
3.800166965776172674e+03 0.000000000000000000e+00
3.870928546877035387e+03 0.000000000000000000e+00
3.943007754651924643e+03 0.000000000000000000e+00
4.016429124166709698e+03 0.000000000000000000e+00
4.091217647346122249e+03 0.000000000000000000e+00
4.167398781480790603e+03 0.000000000000000000e+00
4.244998457892681472e+03 0.000000000000000000e+00
4.324043090761811982e+03 0.000000000000000000e+00
4.404559586117449726e+03 0.000000000000000000e+00
4.486575350996596171e+03 0.000000000000000000e+00
4.570118302773145842e+03 0.000000000000000000e+00
4.655216878660620750e+03 0.000000000000000000e+00
4.741900045391997992e+03 0.000000000000000000e+00
4.830197309079626393e+03 0.000000000000000000e+00
4.920138725258900195e+03 0.000000000000000000e+00
5.011754909118799333e+03 0.000000000000000000e+00
5.105077045923075275e+03 0.000000000000000000e+00
5.200136901625340215e+03 0.000000000000000000e+00
5.296966833681967728e+03 0.000000000000000000e+00
5.395599802066190023e+03 0.000000000000000000e+00
5.496069380487379021e+03 0.000000000000000000e+00
5.598409767819252920e+03 0.000000000000000000e+00
5.702655799740758994e+03 0.000000000000000000e+00
5.808842960593898169e+03 0.000000000000000000e+00
5.917007395462153909e+03 0.000000000000000000e+00
6.027185922474026484e+03 0.000000000000000000e+00
6.139416045335474337e+03 0.000000000000000000e+00
6.253735966095906406e+03 0.000000000000000000e+00
6.370184598151693535e+03 0.000000000000000000e+00
6.488801579492013843e+03 0.000000000000000000e+00
6.609627286191139319e+03 0.000000000000000000e+00
6.732702846152163147e+03 0.000000000000000000e+00
6.858070153106436919e+03 0.000000000000000000e+00
6.985771880873897317e+03 0.000000000000000000e+00
7.115851497888729682e+03 0.000000000000000000e+00
7.248353281995640828e+03 0.000000000000000000e+00
7.383322335521655077e+03 0.000000000000000000e+00
7.520804600628408480e+03 0.000000000000000000e+00
7.660846874950534584e+03 0.000000000000000000e+00
7.803496827525004846e+03 0.000000000000000000e+00
7.948803015017335383e+03 0.000000000000000000e+00
8.096814898249676844e+03 0.000000000000000000e+00
8.247582859036932859e+03 0.000000000000000000e+00
8.401158217336105736e+03 0.000000000000000000e+00
8.557593248715256777e+03 0.000000000000000000e+00
8.716941202147458171e+03 0.000000000000000000e+00
8.879256318136373011e+03 0.000000000000000000e+00
9.044593847179061413e+03 0.000000000000000000e+00
9.213010068572850287e+03 0.000000000000000000e+00
9.384562309572142112e+03 0.000000000000000000e+00
9.559308964902107618e+03 0.000000000000000000e+00
9.737309516635750697e+03 0.000000000000000000e+00
9.918624554440888460e+03 0.000000000000000000e+00
1.010331579620443154e+04 0.000000000000000000e+00
